-3.976670812086438023e-01
2.496874521766455080e-01
-6.284284510996351880e-02
-3.811059799189663866e-01
2.810591733513992732e-02
-8.113414326391019116e-02
-1.209129237057336853e-01
4.172427224088371411e-01
-9.570046132335011113e-02
-3.535253608197344022e-01
4.929287062306050848e-01
-2.618702409285746887e+07
-2.093570852229738981e+07
-1.568150206695700996e+07
-1.050044982827689499e+07
-5.266126200747910887e+06
-3.168251368457078934e+04
5.232024168432801962e+06
1.047579581590607762e+07
1.574211120983818173e+07
2.096038565574067086e+07
2.618446006613089889e+07
-3.871850574036239418e-05
9.094393442592040369e-03
1.096508104546415740e-03
5.829118468372203321e-03
1.150062702475323443e-03
6.451911433539657794e-04
1.969043629876719975e-03
-5.038195105702185372e-03
-3.051913473422179779e-03
4.029994659324258668e-03
-6.293009167612334184e-03
