2.142808701438491141e+02
2.142852649292696299e+02
2.142852757326550943e+02
2.142343823237925449e+02
2.142856388172860136e+02
2.142805606697192218e+02
2.142853258358628921e+02
2.142856442131975996e+02
2.142850450875019703e+02
2.142856157194490265e+02
2.142846736625491531e+02
-4.305663600646182895e+05
4.008193387951478362e+06
6.940727826316714287e+06
1.229435775756573677e+07
1.568766034929469973e+07
1.954244719369403273e+07
2.296014018208257854e+07
2.604244930575820804e+07
3.055441361614968628e+07
3.062249576923126727e+07
3.000993639023763686e+07
-7.866782711109767678e-01
-9.180861808609497299e-02
4.160982352002472462e-01
-6.924038009456305875e-01
-3.370162508345043162e-01
-5.504895443424192569e-01
4.293148001449645368e-01
7.870288651303163352e-01
1.611135753619556965e+00
-2.608310177668704544e+00
-1.473012092266302864e-01
