-4.931177228286326986e-01
2.174923327088201241e-01
-1.039484258215814423e-02
-4.960431637375464775e-01
1.322629556923955174e-01
2.519386813096696418e-02
-1.757899853508428784e-02
3.021154166481264669e-01
-4.555402128453184957e-02
-3.856184429742811615e-01
3.952508616089450144e-01
-2.618788880845195800e+07
-2.093880714338310808e+07
-1.568578364663984813e+07
-1.048996959481969103e+07
-5.274016461532376707e+06
-4.511907637673988938e+04
5.219599336373701692e+06
1.048668375975683331e+07
1.575285162397658080e+07
2.095833292542526871e+07
2.618346573760247231e+07
-3.028160576876083587e-03
7.938868325155827577e-03
-1.954015742971406538e-04
8.845807729453916343e-03
-1.841928394878656955e-03
-2.038136520306662626e-03
-8.510006520711447782e-04
-2.114832679967411887e-03
-2.328126030483488262e-04
3.282114419978227580e-03
-9.142750789061855621e-03
