2.142808667016447828e+02
2.142852660693335451e+02
2.142852749864347004e+02
2.142342703552177738e+02
2.142856387056078233e+02
2.142805677191941243e+02
2.142853255686559919e+02
2.142856437573348103e+02
2.142850462778297640e+02
2.142856155710781252e+02
2.142846675315134064e+02
-4.229767349144630134e+05
4.009982914552308619e+06
6.940725685428112745e+06
1.229637334847372025e+07
1.568895251988995075e+07
1.955822752993786335e+07
2.296478590104895085e+07
2.606837435435876995e+07
3.055559709660191834e+07
3.062250279853926599e+07
3.001211702069130540e+07
-7.887837546272458145e-01
-9.490901230284214118e-02
4.140505526072957854e-01
-6.895757830865101301e-01
-3.439714191126356235e-01
-5.556958875585339408e-01
4.275571170966355750e-01
7.861559799860792230e-01
1.602786036572788619e+00
-2.609785047305862360e+00
-1.439100256027558422e-01
