-6.044750653525067241e-01
2.123004095436258620e-01
-6.366399214770668280e-02
-5.560558713649541573e-01
3.312216464136562982e-02
1.926661812657454176e-01
-1.184392970508061221e-01
2.454187885688252913e-01
-1.029595726652489107e-01
-3.979888630452076970e-01
2.860484244200895421e-01
-2.618920802797906101e+07
-2.092192172814226896e+07
-1.570737637355288118e+07
-1.046334608691958338e+07
-5.283484175221405923e+06
-4.704306159171834588e+04
5.210691207019306719e+06
1.051308755966902524e+07
1.577411638985536247e+07
2.097515495991785079e+07
2.618174659334561974e+07
-8.894111427054787050e-03
1.397288772861491821e-02
-5.984071909004335006e-03
1.503951893858647415e-02
-2.496956076759648813e-03
2.972685654298519746e-04
-4.707031926632423979e-04
3.927301256893626392e-03
5.695756003955195282e-03
9.330499866958314945e-03
-1.502460798971142104e-02
