-4.259783698322837653e-01
3.438746358316795981e-01
-1.093345495663740480e-01
-4.136100883784783466e-01
7.193712768145338332e-02
5.268545792734825178e-02
-7.822355131962197006e-02
3.857228010411311581e-01
-1.480443282431639640e-01
-2.625671016906700461e-01
4.644666581538987593e-01
-2.618525319588020071e+07
-2.093052344197533280e+07
-1.569726726399139874e+07
-1.047727166575147584e+07
-5.270475251327123493e+06
-5.831174216878041625e+04
5.221663605735592544e+06
1.049918299566183984e+07
1.576437686528009176e+07
2.096694127715771645e+07
2.618569918051054329e+07
-6.106865296646333749e-03
1.083629436554212067e-02
-3.239198907517068862e-03
1.189693777476314059e-02
-4.959051803835976859e-03
-1.801734290248057941e-03
-3.606241852098540212e-03
8.463981592052428980e-04
2.881285819424469607e-03
6.295488808776870254e-03
-1.227954861570759032e-02
