0.000000000000000000e+00
0.000000000000000000e+00
0.000000000000000000e+00
0.000000000000000000e+00
0.000000000000000000e+00
0.000000000000000000e+00
0.000000000000000000e+00
0.000000000000000000e+00
0.000000000000000000e+00
0.000000000000000000e+00
0.000000000000000000e+00
-2.617993877991494536e+07
-2.094395102393195778e+07
-1.570796326794896275e+07
-1.047197551196597889e+07
-5.235987755982991308e+06
0.000000000000000000e+00
5.235987755982987583e+06
1.047197551196598262e+07
1.570796326794896275e+07
2.094395102393195778e+07
2.617993877991494536e+07
0.000000000000000000e+00
0.000000000000000000e+00
0.000000000000000000e+00
0.000000000000000000e+00
0.000000000000000000e+00
0.000000000000000000e+00
0.000000000000000000e+00
0.000000000000000000e+00
0.000000000000000000e+00
0.000000000000000000e+00
0.000000000000000000e+00
