2.142808608248072346e+02
2.142852665374469154e+02
2.142852755474382036e+02
2.142343009947359747e+02
2.142856386756652398e+02
2.142805774755337325e+02
2.142853257366898561e+02
2.142856437540404499e+02
2.142850455340489475e+02
2.142856156180691301e+02
2.142846683285512199e+02
-4.312347383753694594e+05
4.004747195448108017e+06
6.945409916490934789e+06
1.229140412233100832e+07
1.569543386186908185e+07
1.955434184701937437e+07
2.297135570623547584e+07
2.606351088005574048e+07
3.055484752127292007e+07
3.062310945511176437e+07
3.001155210505949706e+07
-7.904529212236706126e-01
-9.187878470568791589e-02
4.149915024329905444e-01
-6.910636152533422560e-01
-3.414943250105322847e-01
-5.569172450437120947e-01
4.300380227286392798e-01
7.832136749333529213e-01
1.604699124577426028e+00
-2.609151704391805993e+00
-1.457674519614986786e-01
